Cluster Centers (Centroids):
[[ 0.57735027  0.57735027  0.57735027  0.34098858  0.3563403   0.91275168
   0.08724832  0.          0.          0.00671141  0.00671141  0.00671141
   0.00671141  0.00671141  0.00671141  0.00671141  0.00671141  0.00671141
   0.00671141  0.00671141  0.00671141  0.00671141  0.00671141  0.00671141
   0.00671141  0.00671141  0.00671141  0.00671141  0.00671141  0.00671141
   0.00671141  0.00671141  0.00671141  0.00671141  0.00671141  0.05369128
   0.00671141  0.00671141  0.00671141  0.00671141  0.00671141  0.00671141
   0.00671141  0.00671141  0.06711409  0.00671141  0.          0.00671141
   0.00671141  0.00671141  0.00671141  0.05369128  0.20805369  0.00671141
   0.00671141  0.10738255  0.05369128  0.05369128  0.00671141  0.00671141
   0.00671141  0.00671141  0.08053691  0.00671141  0.00671141  0.00671141
   0.          0.00671141  0.05369128  0.00671141  0.00671141  0.00671141
   0.00671141  0.05369128  0.00671141  0.00671141  0.00671141  0.06711409
   0.04026846  0.00671141  0.05369128  0.00671141  0.05369128  0.00671141
   0.00671141  0.00671141  0.31543624  0.08053691  0.10067114  0.00671141
   0.00671141  0.01342282  0.00671141  0.          0.00671141  0.
   0.          0.          0.00671141  0.00671141  0.00671141  0.00671141
   0.00671141  0.00671141  0.00671141  0.00671141  0.        ]
 [ 0.57735027  0.57735027  0.57735027 -1.99451303 -2.65473521  0.
   1.          0.          0.          0.          0.          0.
   0.          0.          0.          0.          0.          0.
   0.          0.          0.          0.          0.          0.
   0.          0.          0.          0.          0.          0.
   0.          0.          0.          0.          0.          0.
   0.          0.          0.          0.          0.          0.
   0.          0.          0.          0.          1.          0.
   0.          0.          0.          0.          0.          0.
   0.          0.          0.          0.          0.          0.
   0.          0.          0.          0.          0.          0.
   0.          0.          0.          0.          0.          0.
   0.          0.          0.          0.          0.          0.
   0.          0.          0.          0.          0.          0.
   0.          0.          0.          0.          0.          0.
   0.          0.          0.          0.66666667  0.          0.08333333
   0.08333333  0.08333333  0.          0.          0.          0.
   0.          0.          0.          0.          0.08333333]
 [ 0.57735027  0.57735027  0.57735027 -3.35914284 -2.65473521  0.
   0.          1.          1.          0.          0.          0.
   0.          0.          0.          0.          0.          0.
   0.          0.          0.          0.          0.          0.
   0.          0.          0.          0.          0.          0.
   0.          0.          0.          0.          0.          0.
   0.          0.          0.          0.          0.          0.
   0.          0.          0.          0.          0.          0.
   0.          0.          0.          0.          0.          0.
   0.          0.          0.          0.          0.          0.
   0.          0.          0.          0.          0.          0.
   1.          0.          0.          0.          0.          0.
   0.          0.          0.          0.          0.          0.
   0.          0.          0.          0.          0.          0.
   0.          0.          0.          0.          0.          0.
   0.          0.          0.          0.          0.          0.
   0.          0.          0.          0.          0.          0.
   0.          0.          0.          0.          0.        ]]